args = ./MANN/MANN_a27.clq
|E| = 70551  |V| = 378 p = 0.990148
step = 124 current max. clique size = 125
step = 245 current max. clique size = 126
Maximum clique: 1 4 6 10 13 15 20 21 24 27 29 31 35 39 42 43 46 49 52 56 58 61 64 67 72 73 76 79 83 85 88 92 94 97 100 103 106 109 112 115 118 121 124 127 130 133 138 139 143 146 149 151 154 157 161 165 166 169 173 176 179 182 185 187 190 193 196 201 202 205 208 212 214 218 221 223 227 229 233 235 239 242 244 248 250 254 257 259 264 265 270 271 275 278 280 284 286 289 292 296 299 301 305 308 310 313 316 320 322 325 329 331 335 337 341 344 346 351 352 354 355 362 371 372 373 377 
Size = 126
Number of steps = 48075
Time = 2
Time (precise) = 1.78

