args = ./MANN/MANN_a45.clq
|E| = 533115  |V| = 1035 p = 0.9963
step = 341 current max. clique size = 342
step = 675 current max. clique size = 343
step = 1150 current max. clique size = 344
step = 1878 current max. clique size = 345
Maximum clique: 1 4 7 10 13 15 19 21 25 27 30 33 36 39 42 48 51 54 57 60 63 66 69 72 75 77 80 83 86 89 92 95 98 101 104 107 110 113 116 119 122 125 128 131 134 137 140 143 146 149 153 156 159 162 165 168 171 174 177 180 182 185 188 191 194 197 200 203 206 209 212 215 218 221 224 227 230 233 236 239 242 245 248 251 254 257 260 263 266 269 272 275 278 281 284 287 290 293 296 299 302 305 308 311 314 316 319 322 325 328 331 334 337 340 343 347 350 353 356 358 363 366 369 372 375 378 381 384 387 390 392 395 398 401 403 407 410 413 416 418 422 425 428 431 434 437 440 443 446 449 452 455 458 461 464 468 471 474 477 480 483 486 489 492 495 497 500 503 506 509 512 515 518 521 524 527 530 533 536 539 542 545 548 551 554 558 561 564 567 570 573 576 579 582 585 588 591 594 597 600 602 605 608 611 613 617 620 623 626 628 631 634 637 640 643 646 649 652 655 658 661 664 667 670 673 678 681 684 687 690 693 696 699 702 705 707 710 713 716 719 722 725 728 731 734 737 740 743 746 749 752 755 758 761 764 767 770 773 776 779 783 786 789 792 795 798 801 804 807 810 812 815 818 821 824 827 830 833 836 839 841 844 847 850 853 856 859 862 865 868 871 874 877 880 883 886 889 892 895 898 901 904 907 910 913 917 920 923 926 929 932 935 938 941 944 947 950 953 956 959 962 965 968 971 974 977 980 983 986 988 990 991 992 993 994 1015 1016 1017 1018 1019 1030 1031 1032 1033 1034 
Size = 345
Number of steps = 1062570
Time = 117
Time (precise) = 116.02

