args = ./MANN/MANN_a27.clq
|E| = 70551  |V| = 378 p = 0.990148
step = 124 current max. clique size = 125
step = 248 current max. clique size = 126
Maximum clique: 1 5 6 7 16 23 24 26 27 30 31 36 39 42 43 46 49 52 56 58 61 65 67 71 75 76 79 82 85 88 91 95 97 100 103 106 109 112 115 118 121 126 127 130 133 137 139 143 146 149 151 154 157 162 164 166 169 174 175 179 182 185 187 190 193 196 201 202 206 208 212 214 218 221 223 227 229 233 235 239 242 244 248 250 254 258 260 264 266 270 273 275 278 280 284 286 289 292 295 299 301 305 308 310 313 316 320 322 325 330 331 335 337 341 344 346 351 353 357 358 363 365 368 372 374 377 
Size = 126
Number of steps = 25759
Time = 1
Time (precise) = 0.43

