args = ./MANN/MANN_a45.clq
|E| = 533115  |V| = 1035 p = 0.9963
step = 341 current max. clique size = 342
step = 673 current max. clique size = 343
step = 1079 current max. clique size = 344
step = 131628 current max. clique size = 345
Maximum clique: 1 2 3 4 5 21 22 23 24 25 36 37 38 39 40 48 51 54 57 60 63 66 69 72 75 78 80 83 87 90 93 94 97 101 105 108 111 114 116 120 123 125 129 132 134 138 140 143 147 150 152 155 157 160 164 167 169 173 175 178 183 186 189 192 195 198 201 204 207 210 211 214 217 220 223 226 229 232 235 238 241 244 247 250 253 257 260 263 265 269 272 275 278 281 284 288 291 294 297 300 303 306 309 312 315 318 321 324 327 329 333 336 338 342 344 348 351 354 357 360 362 365 368 371 374 377 380 383 386 389 393 396 397 400 403 406 411 412 415 418 423 426 429 432 435 438 441 444 447 450 453 456 459 462 465 468 471 474 477 480 483 486 489 492 495 496 500 502 505 508 511 514 517 520 523 528 531 534 537 540 543 546 549 552 555 557 560 563 566 569 572 575 578 581 584 587 590 593 596 599 603 606 609 610 615 618 621 624 627 630 633 634 639 640 645 647 650 654 657 658 662 664 667 671 675 678 681 684 687 690 693 696 699 702 705 706 709 712 715 718 721 724 727 730 734 738 739 742 745 750 752 754 758 762 763 766 769 772 777 778 783 786 787 791 793 798 800 802 807 808 811 814 817 820 823 826 829 832 835 838 843 846 849 851 854 858 861 862 865 870 871 875 878 881 883 886 891 893 896 899 902 905 908 911 913 916 919 922 925 928 931 934 937 940 943 946 949 952 957 960 961 966 967 970 975 976 981 984 985 988 992 995 998 1001 1004 1006 1009 1012 1015 1018 1023 1026 1029 1032 1033 
Size = 345
Number of steps = 958654
Time = 96
Time (precise) = 96.08

